0	0	1	0	1	2	5	000-0.png
0	0	2	0	2	0	1	000-1.png
0	0	1	0	1	2	5	000-10.png
0	0	2	0	2	2	6	000-11.png
0	0	2	0	2	2	1	000-12.png
0	0	0	0	1	2	5	000-13.png
0	0	2	0	2	2	1	000-14.png
0	0	2	0	0	2	6	000-15.png
0	0	2	0	2	2	1	000-16.png
0	0	2	0	2	2	1	000-17.png
0	0	2	0	2	2	1	000-18.png
0	0	1	0	1	2	5	000-19.png
0	1	0	0	2	0	5	000-2.png
0	1	0	0	2	2	0	000-20.png
0	0	1	0	1	2	5	000-21.png
0	0	1	0	1	2	5	000-22.png
0	0	1	0	1	2	5	000-23.png
0	0	1	0	1	2	5	000-24.png
0	0	2	0	2	2	1	000-25.png
0	0	2	0	2	2	1	000-26.png
0	0	1	0	1	2	5	000-27.png
0	0	2	0	2	2	1	000-28.png
0	1	2	0	2	2	6	000-29.png
0	1	0	0	2	2	1	000-3.png
0	0	2	0	0	0	1	000-30.png
0	0	1	0	1	2	5	000-31.png
0	0	1	0	2	2	1	000-32.png
0	0	2	0	2	2	1	000-33.png
0	0	2	0	0	2	0	000-34.png
0	0	2	0	2	2	1	000-35.png
0	0	2	0	2	2	0	000-36.png
0	0	1	0	0	2	0	000-37.png
0	0	1	0	1	2	5	000-38.png
0	0	1	0	0	2	1	000-39.png
0	1	0	0	2	2	1	000-4.png
0	0	2	0	2	2	1	000-40.png
0	0	1	0	2	2	1	000-41.png
0	0	2	0	2	2	1	000-42.png
0	0	2	0	2	2	0	000-43.png
0	0	1	0	2	2	0	000-44.png
0	0	2	0	2	1	0	000-45.png
0	0	1	0	0	2	0	000-46.png
0	0	1	0	0	2	0	000-47.png
0	0	1	0	2	2	1	000-48.png
0	0	2	0	0	2	1	000-49.png
0	0	1	0	1	2	5	000-5.png
0	0	1	0	0	1	1	000-50.png
0	0	1	0	2	1	0	000-51.png
0	0	2	0	2	1	1	000-52.png
0	0	2	0	0	1	0	000-53.png
0	0	2	0	0	1	1	000-54.png
0	0	1	0	1	1	5	000-55.png
0	0	1	0	0	1	0	000-56.png
0	0	2	0	2	1	1	000-57.png
0	0	1	0	0	2	1	000-58.png
0	0	1	0	1	2	5	000-6.png
0	0	1	0	1	2	5	000-7.png
0	0	2	0	2	2	1	000-8.png
0	0	1	0	1	2	5	000-9.png
0	0	2	0	0	1	1	001-0.png
0	0	1	0	2	1	1	001-1.png
0	0	1	0	0	0	4	002-0.png
0	0	0	0	1	2	3	003-0.png
0	0	0	2	1	1	2	003-1.png
0	0	1	0	2	1	3	004-0.png
0	1	0	2	1	2	5	005-0.png
0	1	0	0	1	2	5	005-1.png
0	1	0	0	1	2	2	006-0.png
0	1	2	0	2	2	1	007-0.png
0	1	0	0	2	2	1	007-1.png
0	0	2	0	2	1	3	008-0.png
0	0	0	0	1	1	3	008-1.png
0	0	2	0	2	2	3	009-0.png
0	0	1	0	1	2	5	009-1.png
0	0	2	0	2	0	6	010-0.png
0	0	2	0	2	0	6	010-1.png
0	0	1	0	2	1	6	011-0.png
0	0	2	0	2	1	5	011-1.png
0	0	1	0	0	2	0	012-0.png
0	0	0	0	2	2	0	012-1.png
0	0	0	0	1	2	3	014-0.png
0	1	0	2	1	2	3	014-1.png
0	0	0	2	2	1	3	015-0.png
0	1	2	0	0	2	2	016-0.png
0	1	0	0	0	2	2	016-1.png
0	1	0	2	2	2	2	016-2.png
0	0	0	0	1	0	2	017-0.png
0	1	0	0	1	0	2	017-1.png
0	0	0	2	1	0	2	017-2.png
0	0	2	0	2	1	2	018-0.png
0	1	2	0	2	1	2	018-1.png
0	1	0	2	1	0	3	019-0.png
0	1	0	0	1	0	3	019-1.png
0	1	0	0	1	0	3	019-2.png
0	0	2	0	2	2	1	020-0.png
0	1	2	0	1	1	4	021-0.png
0	0	0	0	1	2	3	022-0.png
0	1	2	0	1	2	3	023-0.png
0	0	0	0	0	2	6	024-0.png
0	0	1	0	1	1	5	025-0.png
0	0	1	0	1	1	5	025-1.png
0	0	2	0	2	1	2	025-2.png
0	0	1	0	1	1	5	025-3.png
0	0	1	0	1	1	5	025-4.png
0	1	0	0	1	0	3	026-0.png
0	0	0	0	1	0	3	026-1.png
0	0	0	0	1	0	2	026-2.png
0	1	0	0	1	0	3	026-3.png
0	0	0	0	1	0	2	026-4.png
0	0	1	0	2	1	0	027-0.png
0	0	0	0	1	1	3	028-0.png
0	0	2	0	2	1	6	029-0.png
0	0	1	0	0	1	2	030-0.png
0	0	0	0	1	1	2	031-0.png
0	0	2	0	2	2	6	032-0.png
0	0	2	0	1	0	5	033-0.png
0	0	1	0	2	1	2	034-0.png
0	0	2	0	2	0	5	035-0.png
0	0	2	0	2	2	1	036-0.png
0	0	1	0	0	1	2	037-0.png
0	0	1	0	1	1	1	037-1.png
0	1	2	0	2	1	2	037-2.png
0	0	2	0	2	1	2	037-3.png
0	0	2	0	2	1	2	037-4.png
0	1	0	0	1	1	6	038-0.png
0	1	2	0	2	1	4	039-0.png
0	0	0	0	1	2	4	040-0.png
0	0	0	0	1	2	4	041-0.png
0	1	2	0	2	0	5	042-0.png
0	1	0	2	1	2	3	043-0.png
0	0	2	0	1	1	3	044-0.png
0	0	2	0	0	0	0	045-0.png
0	1	1	0	2	2	2	046-0.png
0	1	0	0	0	1	6	047-0.png
0	0	2	0	2	0	0	048-0.png
0	1	2	0	2	0	6	049-0.png
0	0	2	0	1	2	1	050-0.png
0	0	0	0	1	0	2	051-0.png
0	0	0	2	1	0	6	052-0.png
0	0	0	0	0	0	1	053-0.png
0	1	0	0	1	2	1	054-0.png
0	0	1	0	1	1	4	055-0.png
0	1	0	0	1	1	1	056-0.png
0	0	0	0	1	0	1	058-0.png
0	0	0	0	1	0	1	058-1.png
0	1	0	2	1	0	1	058-2.png
0	1	0	2	1	0	1	058-3.png
0	0	0	0	1	0	2	059-0.png
0	0	0	2	1	0	2	059-1.png
0	0	0	0	1	0	2	059-2.png
0	0	0	0	1	0	2	059-3.png
0	0	2	0	2	2	2	060-0.png
0	0	1	0	2	2	2	060-1.png
0	0	2	0	2	2	2	060-2.png
0	0	1	0	2	2	2	060-3.png
0	0	0	0	1	2	2	061-0.png
0	1	0	2	2	2	2	061-1.png
0	1	2	0	2	2	2	061-2.png
0	1	2	0	2	2	2	061-3.png
0	1	1	0	0	1	2	062-0.png
0	0	2	0	2	1	2	062-1.png
0	0	1	0	0	1	5	062-2.png
0	0	2	0	0	2	6	063-0.png
0	0	2	0	2	2	1	063-1.png
0	0	2	0	0	2	1	063-2.png
0	0	2	0	2	2	2	064-0.png
0	1	2	0	2	2	5	064-1.png
0	1	2	0	2	2	2	064-2.png
0	1	2	0	2	2	2	064-3.png
0	0	2	0	2	1	5	065-0.png
0	0	2	2	1	1	1	065-1.png
0	1	2	0	0	1	2	066-0.png
0	0	2	0	0	1	3	066-1.png
0	0	2	0	2	2	1	067-0.png
0	1	0	0	2	0	2	068-0.png
0	1	1	2	1	2	1	069-0.png
0	1	2	0	2	2	3	070-0.png
0	1	0	2	1	0	4	071-0.png
0	0	1	0	2	1	3	072-0.png
0	1	0	2	1	0	4	073-0.png
0	1	0	2	1	0	2	074-0.png
0	0	2	2	1	0	6	075-0.png
0	1	2	0	2	2	3	076-0.png
0	0	2	0	1	1	2	077-0.png
0	0	1	0	0	0	0	078-0.png
0	1	0	0	1	1	6	079-0.png
0	1	0	0	2	1	3	080-0.png
0	1	2	0	1	2	3	081-0.png
0	1	2	0	1	1	6	081-1.png
0	0	0	0	1	2	3	082-0.png
0	0	2	0	0	2	5	083-0.png
0	0	0	0	1	2	5	084-0.png
0	1	0	0	2	1	2	084-1.png
0	0	1	0	2	2	6	085-0.png
0	0	1	0	0	2	6	085-1.png
0	0	1	0	0	2	6	085-2.png
0	0	1	0	0	2	6	085-3.png
0	0	1	0	0	2	6	085-4.png
0	0	1	0	0	2	5	085-5.png
0	1	2	0	2	2	3	086-0.png
0	0	1	0	0	1	2	087-0.png
0	0	1	0	0	1	3	087-1.png
0	0	1	0	2	1	3	087-2.png
0	0	0	0	2	2	3	088-0.png
0	1	0	2	1	2	2	088-1.png
0	1	0	2	1	2	2	088-2.png
0	1	0	0	1	2	3	089-0.png
0	1	0	2	1	2	3	089-1.png
0	1	2	0	1	2	3	089-2.png
0	0	2	0	2	1	2	090-0.png
0	0	1	0	2	1	2	090-1.png
0	0	2	0	1	1	6	090-2.png
0	0	1	2	0	0	6	091-0.png
0	0	1	0	0	0	6	091-2.png
0	1	2	0	1	2	6	092-0.png
0	1	2	0	2	2	6	092-1.png
0	1	2	0	1	0	2	092-2.png
0	0	0	2	1	0	4	093-0.png
0	1	0	0	1	0	4	093-1.png
0	1	0	0	1	0	4	093-2.png
0	1	0	0	2	2	6	094-0.png
0	1	0	0	2	2	6	094-1.png
0	0	0	0	2	2	6	094-2.png
0	0	2	0	2	1	4	095-0.png
0	1	2	0	2	2	4	095-1.png
0	1	0	2	1	2	2	096-0.png
0	0	2	0	2	0	5	097-0.png
0	0	2	0	2	1	3	098-0.png
0	1	1	0	0	1	4	099-0.png
0	0	2	0	2	0	1	100-0.png
0	0	2	0	1	0	6	102-0.png
0	0	2	0	1	0	5	102-1.png
0	0	2	0	2	1	6	103-0.png
0	0	2	0	1	1	3	104-0.png
0	1	0	1	1	1	2	105-0.png
0	0	2	0	2	1	2	106-0.png
0	0	2	0	1	2	1	107-0.png
0	0	1	0	2	2	1	107-1.png
0	0	2	0	1	2	1	107-2.png
0	0	1	0	2	2	1	107-3.png
0	1	0	2	1	0	6	108-0.png
0	0	0	0	1	0	2	108-1.png
0	0	0	2	1	0	2	108-2.png
0	0	0	0	1	0	2	108-3.png
0	0	2	0	2	1	5	109-0.png
0	0	2	0	2	2	6	109-1.png
0	0	2	0	2	1	6	109-2.png
0	0	1	0	2	2	6	109-3.png
0	0	1	0	0	2	6	110-0.png
0	0	1	0	0	2	6	110-1.png
0	0	1	0	0	2	5	110-2.png
0	0	1	0	0	2	6	110-3.png
0	1	0	0	1	0	6	111-0.png
0	1	2	0	1	0	6	111-1.png
0	0	2	0	2	0	5	111-2.png
0	0	2	2	1	0	6	111-3.png
0	1	2	0	2	2	6	112-0.png
0	1	2	0	2	2	6	112-1.png
0	0	2	0	2	2	6	112-2.png
0	1	2	0	2	2	6	112-3.png
0	0	2	0	2	2	6	113-0.png
0	0	2	0	2	2	6	113-1.png
0	0	2	0	0	2	6	113-2.png
0	0	2	0	2	2	6	113-3.png
0	0	2	0	1	2	5	114-0.png
0	0	2	0	2	2	6	114-1.png
0	1	2	0	1	2	2	114-2.png
0	0	1	0	0	2	1	114-3.png
0	0	2	0	1	2	4	115-0.png
0	0	0	2	1	0	2	116-0.png
0	0	2	2	1	0	6	117-0.png
0	0	0	2	1	0	5	117-1.png
0	1	0	0	1	0	5	117-2.png
0	0	0	2	1	0	6	117-3.png
0	0	1	0	0	2	4	118-0.png
0	0	1	0	2	2	4	118-1.png
0	0	2	0	2	2	4	118-2.png
0	0	1	0	2	2	4	118-3.png
0	0	1	0	2	2	3	118-4.png
0	0	1	0	2	2	3	118-5.png
0	0	1	0	2	2	3	118-6.png
0	1	2	0	2	2	1	119-0.png
0	1	2	0	2	2	1	119-1.png
0	0	2	0	2	2	5	120-0.png
0	0	1	0	1	1	5	121-0.png
0	1	0	0	1	2	5	121-1.png
0	1	0	0	1	2	3	122-0.png
0	0	2	0	2	2	4	123-0.png
0	0	2	0	2	2	4	123-1.png
0	0	2	0	2	2	3	123-2.png
0	0	2	0	2	2	3	123-3.png
0	0	1	0	2	2	3	123-4.png
0	0	0	0	1	1	5	124-0.png
0	0	0	0	1	1	1	124-1.png
0	0	2	0	1	1	5	124-2.png
0	0	0	0	1	1	1	124-3.png
0	1	0	0	2	2	5	125-0.png
0	1	0	0	2	2	2	125-1.png
0	1	2	0	0	2	6	125-2.png
0	1	2	0	2	2	2	125-3.png
0	0	2	0	1	2	6	126-0.png
0	0	1	0	1	2	1	126-1.png
0	1	0	0	1	2	6	126-2.png
0	1	2	0	1	2	5	126-3.png
0	0	0	0	1	2	5	126-4.png
0	0	2	0	2	2	1	127-0.png
0	0	2	0	2	1	1	127-1.png
0	1	0	0	2	1	1	127-2.png
0	0	0	0	2	1	1	128-0.png
0	0	0	2	1	1	1	128-1.png
0	1	0	0	1	1	1	128-2.png
0	0	0	2	1	1	1	128-3.png
0	1	0	2	1	1	1	128-4.png
0	0	2	2	0	1	0	129-0.png
0	0	1	0	0	2	0	129-1.png
0	0	0	2	2	2	6	129-2.png
0	0	1	0	0	1	0	129-3.png
0	0	0	0	2	2	4	130-0.png
0	1	2	0	2	2	4	130-1.png
0	1	2	0	2	2	4	130-2.png
0	1	2	0	2	2	4	130-3.png
0	0	2	0	2	2	4	130-4.png
0	1	0	0	1	1	2	131-0.png
0	0	2	2	1	1	2	131-1.png
0	0	0	2	1	1	2	131-2.png
0	0	2	0	1	1	2	131-3.png
0	1	0	0	2	2	0	132-0.png
0	0	1	0	0	2	0	132-1.png
0	1	0	0	1	2	3	132-2.png
0	1	0	0	1	2	3	132-3.png
0	0	2	0	2	2	4	133-0.png
0	0	0	0	2	2	2	133-1.png
0	0	2	0	2	2	2	133-2.png
0	0	2	2	2	2	2	133-3.png
0	1	2	0	2	2	2	133-4.png
0	0	2	0	2	1	2	134-0.png
0	0	1	0	2	1	3	134-1.png
0	0	0	0	2	1	5	135-0.png
0	0	0	0	1	1	5	135-1.png
0	0	2	0	2	1	4	136-0.png
