0.0	0.0	1.0	0.0	1.0	2.0	5.0	000-0.png
0	1	1	0	0	0	0	1
0.0	0.0	2.0	0.0	2.0	0.0	1.0	000-1.png
0	1	1	0	0	0	0	1
0.0	0.0	1.0	0.0	1.0	2.0	5.0	000-10.png
0	1	1	0	0	0	0	1
0.0	0.0	2.0	0.0	2.0	2.0	6.0	000-11.png
0	1	1	0	0	0	0	1
0.0	0.0	2.0	0.0	2.0	2.0	1.0	000-12.png
0	1	1	0	0	0	0	1
0.0	0.0	0.0	0.0	1.0	2.0	5.0	000-13.png
0	1	1	0	0	0	0	1
0.0	0.0	2.0	0.0	2.0	2.0	1.0	000-14.png
0	1	1	0	0	0	0	1
0.0	0.0	2.0	0.0	0.0	2.0	6.0	000-15.png
0	1	1	0	0	0	0	1
0.0	0.0	2.0	0.0	2.0	2.0	1.0	000-16.png
0	1	1	0	0	0	0	1
0.0	0.0	2.0	0.0	2.0	2.0	1.0	000-17.png
0	1	1	0	0	0	0	1
0.0	0.0	2.0	0.0	2.0	2.0	1.0	000-18.png
0	1	1	0	0	0	0	1
0.0	0.0	1.0	0.0	1.0	2.0	5.0	000-19.png
0	1	1	0	0	0	0	1
0.0	1.0	0.0	0.0	2.0	0.0	5.0	000-2.png
0	1	0	0	0	0	0	1
0.0	1.0	0.0	0.0	2.0	2.0	0.0	000-20.png
0	1	0	0	0	0	0	1
0.0	0.0	1.0	0.0	1.0	2.0	5.0	000-21.png
0	1	1	0	0	0	0	1
0.0	0.0	1.0	0.0	1.0	2.0	5.0	000-22.png
0	1	1	0	0	0	0	1
0.0	0.0	1.0	0.0	1.0	2.0	5.0	000-23.png
0	1	1	0	0	0	0	1
0.0	0.0	1.0	0.0	1.0	2.0	5.0	000-24.png
0	1	1	0	0	0	0	1
0.0	0.0	2.0	0.0	2.0	2.0	1.0	000-25.png
0	1	1	0	0	0	0	1
0.0	0.0	2.0	0.0	2.0	2.0	1.0	000-26.png
0	1	1	0	0	0	0	1
0.0	0.0	1.0	0.0	1.0	2.0	5.0	000-27.png
0	1	1	0	0	0	0	1
0.0	0.0	2.0	0.0	2.0	2.0	1.0	000-28.png
0	1	1	0	0	0	0	1
0.0	1.0	2.0	0.0	2.0	2.0	6.0	000-29.png
0	1	0	0	1	0	0	1
0.0	1.0	0.0	0.0	2.0	2.0	1.0	000-3.png
0	1	0	0	0	0	0	1
0.0	0.0	2.0	0.0	0.0	0.0	1.0	000-30.png
0	1	1	0	0	0	0	1
0.0	0.0	1.0	0.0	1.0	2.0	5.0	000-31.png
0	1	1	0	0	0	0	1
0.0	0.0	1.0	0.0	2.0	2.0	1.0	000-32.png
0	1	1	0	0	0	0	1
0.0	0.0	2.0	0.0	2.0	2.0	1.0	000-33.png
0	1	1	0	0	0	0	1
0.0	0.0	2.0	0.0	0.0	2.0	0.0	000-34.png
0	1	1	0	0	0	0	1
0.0	0.0	2.0	0.0	2.0	2.0	1.0	000-35.png
0	1	1	0	0	0	0	1
0.0	0.0	2.0	0.0	2.0	2.0	0.0	000-36.png
0	1	1	0	0	0	0	1
0.0	0.0	1.0	0.0	0.0	2.0	0.0	000-37.png
0	1	1	0	0	0	1	1
0.0	0.0	1.0	0.0	1.0	2.0	5.0	000-38.png
0	1	1	0	0	0	0	1
0.0	0.0	1.0	0.0	0.0	2.0	1.0	000-39.png
0	1	1	0	0	0	1	1
0.0	1.0	0.0	0.0	2.0	2.0	1.0	000-4.png
0	1	0	0	0	0	0	1
0.0	0.0	2.0	0.0	2.0	2.0	1.0	000-40.png
0	1	1	0	0	0	0	1
0.0	0.0	1.0	0.0	2.0	2.0	1.0	000-41.png
0	1	1	0	0	0	0	1
0.0	0.0	2.0	0.0	2.0	2.0	1.0	000-42.png
0	1	1	0	0	0	0	1
0.0	0.0	2.0	0.0	2.0	2.0	0.0	000-43.png
0	1	1	0	0	0	0	1
0.0	0.0	1.0	0.0	2.0	2.0	0.0	000-44.png
0	1	1	0	0	0	0	1
0.0	0.0	2.0	0.0	2.0	1.0	0.0	000-45.png
0	1	1	0	0	0	0	1
0.0	0.0	1.0	0.0	0.0	2.0	0.0	000-46.png
0	1	1	0	0	0	1	1
0.0	0.0	1.0	0.0	0.0	2.0	0.0	000-47.png
0	1	1	0	0	0	1	1
0.0	0.0	1.0	0.0	2.0	2.0	1.0	000-48.png
0	1	1	0	0	0	0	1
0.0	0.0	2.0	0.0	0.0	2.0	1.0	000-49.png
0	1	1	0	0	0	0	1
0.0	0.0	1.0	0.0	1.0	2.0	5.0	000-5.png
0	1	1	0	0	0	0	1
0.0	0.0	1.0	0.0	0.0	1.0	1.0	000-50.png
0	1	1	0	0	0	1	1
0.0	0.0	1.0	0.0	2.0	1.0	0.0	000-51.png
0	1	1	0	0	0	0	1
0.0	0.0	2.0	0.0	2.0	1.0	1.0	000-52.png
0	1	1	0	0	0	0	1
0.0	0.0	2.0	0.0	0.0	1.0	0.0	000-53.png
0	1	1	0	0	0	0	1
0.0	0.0	2.0	0.0	0.0	1.0	1.0	000-54.png
0	1	1	0	0	0	0	1
0.0	0.0	1.0	0.0	1.0	1.0	5.0	000-55.png
0	1	1	0	0	0	0	1
0.0	0.0	1.0	0.0	0.0	1.0	0.0	000-56.png
0	1	1	0	0	0	1	1
0.0	0.0	2.0	0.0	2.0	1.0	1.0	000-57.png
0	1	1	0	0	0	0	1
0.0	0.0	1.0	0.0	0.0	2.0	1.0	000-58.png
0	1	1	0	0	0	1	1
0.0	0.0	1.0	0.0	1.0	2.0	5.0	000-6.png
0	1	1	0	0	0	0	1
0.0	0.0	1.0	0.0	1.0	2.0	5.0	000-7.png
0	1	1	0	0	0	0	1
0.0	0.0	2.0	0.0	2.0	2.0	1.0	000-8.png
0	1	1	0	0	0	0	1
0.0	0.0	1.0	0.0	1.0	2.0	5.0	000-9.png
0	1	1	0	0	0	0	1
0.0	0.0	2.0	0.0	0.0	1.0	1.0	001-0.png
0	1	1	0	0	0	0	1
0.0	0.0	1.0	0.0	2.0	1.0	1.0	001-1.png
0	1	1	0	0	0	0	1
0.0	0.0	1.0	0.0	0.0	0.0	4.0	002-0.png
0	1	1	0	0	0	1	1
0.0	0.0	0.0	0.0	1.0	2.0	3.0	003-0.png
0	1	1	0	0	0	0	1
0.0	0.0	0.0	2.0	1.0	1.0	2.0	003-1.png
0	0	1	0	0	0	0	0
0.0	0.0	1.0	0.0	2.0	1.0	3.0	004-0.png
0	1	1	0	0	0	0	1
0.0	1.0	0.0	2.0	1.0	2.0	5.0	005-0.png
0	1	0	0	0	0	0	0
0.0	1.0	0.0	0.0	1.0	2.0	5.0	005-1.png
0	1	0	0	0	0	0	1
0.0	1.0	0.0	0.0	1.0	2.0	2.0	006-0.png
0	1	0	0	0	0	0	1
0.0	1.0	2.0	0.0	2.0	2.0	1.0	007-0.png
0	1	0	0	0	0	0	1
0.0	1.0	0.0	0.0	2.0	2.0	1.0	007-1.png
0	1	0	0	0	0	0	1
0.0	0.0	2.0	0.0	2.0	1.0	3.0	008-0.png
0	1	1	0	0	0	0	1
0.0	0.0	0.0	0.0	1.0	1.0	3.0	008-1.png
0	0	1	0	0	0	0	1
0.0	0.0	2.0	0.0	2.0	2.0	3.0	009-0.png
0	1	1	0	0	0	0	1
0.0	0.0	1.0	0.0	1.0	2.0	5.0	009-1.png
0	1	1	0	0	0	0	1
0.0	0.0	2.0	0.0	2.0	0.0	6.0	010-0.png
0	1	1	0	0	0	0	1
0.0	0.0	2.0	0.0	2.0	0.0	6.0	010-1.png
0	1	1	0	0	0	0	1
0.0	0.0	1.0	0.0	2.0	1.0	6.0	011-0.png
0	1	1	0	0	0	0	1
0.0	0.0	2.0	0.0	2.0	1.0	5.0	011-1.png
0	1	1	0	0	0	0	1
0.0	0.0	1.0	0.0	0.0	2.0	0.0	012-0.png
0	1	1	0	0	0	1	1
0.0	0.0	0.0	0.0	2.0	2.0	0.0	012-1.png
0	1	1	0	0	0	0	1
0.0	0.0	0.0	0.0	1.0	2.0	3.0	014-0.png
0	1	1	0	0	0	0	1
0.0	1.0	0.0	2.0	1.0	2.0	3.0	014-1.png
0	1	0	0	0	0	0	0
0.0	0.0	0.0	2.0	2.0	1.0	3.0	015-0.png
0	0	1	1	0	0	0	0
0.0	1.0	2.0	0.0	0.0	2.0	2.0	016-0.png
0	1	0	0	0	0	0	1
0.0	1.0	0.0	0.0	0.0	2.0	2.0	016-1.png
0	1	0	0	0	0	0	1
0.0	1.0	0.0	2.0	2.0	2.0	2.0	016-2.png
0	1	0	1	0	0	0	0
0.0	0.0	0.0	0.0	1.0	0.0	2.0	017-0.png
0	1	1	0	0	0	0	1
0.0	1.0	0.0	0.0	1.0	0.0	2.0	017-1.png
0	1	0	0	0	0	0	1
0.0	0.0	0.0	2.0	1.0	0.0	2.0	017-2.png
0	1	1	0	0	0	0	0
0.0	0.0	2.0	0.0	2.0	1.0	2.0	018-0.png
0	1	1	0	0	0	0	1
0.0	1.0	2.0	0.0	2.0	1.0	2.0	018-1.png
0	1	0	0	0	0	0	1
0.0	1.0	0.0	2.0	1.0	0.0	3.0	019-0.png
0	1	0	0	0	0	0	0
0.0	1.0	0.0	0.0	1.0	0.0	3.0	019-1.png
0	1	0	0	0	0	0	1
0.0	1.0	0.0	0.0	1.0	0.0	3.0	019-2.png
0	1	0	0	0	0	0	1
0.0	0.0	2.0	0.0	2.0	2.0	1.0	020-0.png
0	1	1	0	0	0	0	1
0.0	1.0	2.0	0.0	1.0	1.0	4.0	021-0.png
0	1	0	0	0	0	0	1
0.0	0.0	0.0	0.0	1.0	2.0	3.0	022-0.png
0	1	1	0	0	0	0	1
0.0	1.0	2.0	0.0	1.0	2.0	3.0	023-0.png
0	1	0	0	0	0	0	1
0.0	0.0	0.0	0.0	0.0	2.0	6.0	024-0.png
0	1	1	0	0	0	0	1
0.0	0.0	1.0	0.0	1.0	1.0	5.0	025-0.png
0	1	1	0	0	0	0	1
0.0	0.0	1.0	0.0	1.0	1.0	5.0	025-1.png
0	1	1	0	0	0	0	1
0.0	0.0	2.0	0.0	2.0	1.0	2.0	025-2.png
0	1	1	0	0	0	0	1
0.0	0.0	1.0	0.0	1.0	1.0	5.0	025-3.png
0	1	1	0	0	0	0	1
0.0	0.0	1.0	0.0	1.0	1.0	5.0	025-4.png
0	1	1	0	0	0	0	1
0.0	1.0	0.0	0.0	1.0	0.0	3.0	026-0.png
0	1	0	0	0	0	0	1
0.0	0.0	0.0	0.0	1.0	0.0	3.0	026-1.png
0	1	1	0	0	0	0	1
0.0	0.0	0.0	0.0	1.0	0.0	2.0	026-2.png
0	1	1	0	0	0	0	1
0.0	1.0	0.0	0.0	1.0	0.0	3.0	026-3.png
0	1	0	0	0	0	0	1
0.0	0.0	0.0	0.0	1.0	0.0	2.0	026-4.png
0	1	1	0	0	0	0	1
0.0	0.0	1.0	0.0	2.0	1.0	0.0	027-0.png
0	1	1	0	0	0	0	1
0.0	0.0	0.0	0.0	1.0	1.0	3.0	028-0.png
0	0	1	0	0	0	0	1
0.0	0.0	2.0	0.0	2.0	1.0	6.0	029-0.png
0	1	1	0	0	0	0	1
0.0	0.0	1.0	0.0	0.0	1.0	2.0	030-0.png
0	1	1	0	0	0	1	1
0.0	0.0	0.0	0.0	1.0	1.0	2.0	031-0.png
0	0	1	0	0	0	0	1
0.0	0.0	2.0	0.0	2.0	2.0	6.0	032-0.png
0	1	1	0	0	0	0	1
0.0	0.0	2.0	0.0	1.0	0.0	5.0	033-0.png
0	1	1	0	0	0	0	1
0.0	0.0	1.0	0.0	2.0	1.0	2.0	034-0.png
0	1	1	0	0	0	0	1
0.0	0.0	2.0	0.0	2.0	0.0	5.0	035-0.png
0	1	1	0	0	0	0	1
0.0	0.0	2.0	0.0	2.0	2.0	1.0	036-0.png
0	1	1	0	0	0	0	1
0.0	0.0	1.0	0.0	0.0	1.0	2.0	037-0.png
0	1	1	0	0	0	1	1
0.0	0.0	1.0	0.0	1.0	1.0	1.0	037-1.png
0	1	1	0	0	0	0	1
0.0	1.0	2.0	0.0	2.0	1.0	2.0	037-2.png
0	1	0	0	0	0	0	1
0.0	0.0	2.0	0.0	2.0	1.0	2.0	037-3.png
0	1	1	0	0	0	0	1
0.0	0.0	2.0	0.0	2.0	1.0	2.0	037-4.png
0	1	1	0	0	0	0	1
0.0	1.0	0.0	0.0	1.0	1.0	6.0	038-0.png
0	0	0	0	1	0	0	1
0.0	1.0	2.0	0.0	2.0	1.0	4.0	039-0.png
0	1	0	0	0	0	0	1
0.0	0.0	0.0	0.0	1.0	2.0	4.0	040-0.png
0	1	1	0	0	0	0	1
0.0	0.0	0.0	0.0	1.0	2.0	4.0	041-0.png
0	1	1	0	0	0	0	1
0.0	1.0	2.0	0.0	2.0	0.0	5.0	042-0.png
0	1	0	0	0	0	0	1
0.0	1.0	0.0	2.0	1.0	2.0	3.0	043-0.png
0	1	0	0	0	0	0	0
0.0	0.0	2.0	0.0	1.0	1.0	3.0	044-0.png
0	1	1	0	0	0	0	1
0.0	0.0	2.0	0.0	0.0	0.0	0.0	045-0.png
0	1	1	0	0	0	0	1
0.0	1.0	1.0	0.0	2.0	2.0	2.0	046-0.png
0	1	1	0	0	0	0	1
0.0	1.0	0.0	0.0	0.0	1.0	6.0	047-0.png
0	0	0	0	1	0	0	1
0.0	0.0	2.0	0.0	2.0	0.0	0.0	048-0.png
0	1	1	0	0	0	0	1
0.0	1.0	2.0	0.0	2.0	0.0	6.0	049-0.png
0	1	0	0	1	0	0	1
0.0	0.0	2.0	0.0	1.0	2.0	1.0	050-0.png
0	1	1	0	0	0	0	1
0.0	0.0	0.0	0.0	1.0	0.0	2.0	051-0.png
0	1	1	0	0	0	0	1
0.0	0.0	0.0	2.0	1.0	0.0	6.0	052-0.png
0	1	1	0	0	0	0	0
0.0	0.0	0.0	0.0	0.0	0.0	1.0	053-0.png
0	1	1	0	0	0	0	1
0.0	1.0	0.0	0.0	1.0	2.0	1.0	054-0.png
0	1	0	0	0	0	0	1
0.0	0.0	1.0	0.0	1.0	1.0	4.0	055-0.png
0	1	1	0	0	0	0	1
0.0	1.0	0.0	0.0	1.0	1.0	1.0	056-0.png
0	0	0	0	0	0	0	1
0.0	0.0	0.0	0.0	1.0	0.0	1.0	058-0.png
0	1	1	0	0	0	0	1
0.0	0.0	0.0	0.0	1.0	0.0	1.0	058-1.png
0	1	1	0	0	0	0	1
0.0	1.0	0.0	2.0	1.0	0.0	1.0	058-2.png
0	1	0	0	0	0	0	0
0.0	1.0	0.0	2.0	1.0	0.0	1.0	058-3.png
0	1	0	0	0	0	0	0
0.0	0.0	0.0	0.0	1.0	0.0	2.0	059-0.png
0	1	1	0	0	0	0	1
0.0	0.0	0.0	2.0	1.0	0.0	2.0	059-1.png
0	1	1	0	0	0	0	0
0.0	0.0	0.0	0.0	1.0	0.0	2.0	059-2.png
0	1	1	0	0	0	0	1
0.0	0.0	0.0	0.0	1.0	0.0	2.0	059-3.png
0	1	1	0	0	0	0	1
0.0	0.0	2.0	0.0	2.0	2.0	2.0	060-0.png
0	1	1	0	0	0	0	1
0.0	0.0	1.0	0.0	2.0	2.0	2.0	060-1.png
0	1	1	0	0	0	0	1
0.0	0.0	2.0	0.0	2.0	2.0	2.0	060-2.png
0	1	1	0	0	0	0	1
0.0	0.0	1.0	0.0	2.0	2.0	2.0	060-3.png
0	1	1	0	0	0	0	1
0.0	0.0	0.0	0.0	1.0	2.0	2.0	061-0.png
0	1	1	0	0	0	0	1
0.0	1.0	0.0	2.0	2.0	2.0	2.0	061-1.png
0	1	0	1	0	0	0	0
0.0	1.0	2.0	0.0	2.0	2.0	2.0	061-2.png
0	1	0	0	0	0	0	1
0.0	1.0	2.0	0.0	2.0	2.0	2.0	061-3.png
0	1	0	0	0	0	0	1
0.0	1.0	1.0	0.0	0.0	1.0	2.0	062-0.png
0	1	1	0	0	0	1	1
0.0	0.0	2.0	0.0	2.0	1.0	2.0	062-1.png
0	1	1	0	0	0	0	1
0.0	0.0	1.0	0.0	0.0	1.0	5.0	062-2.png
0	1	1	0	0	0	1	1
0.0	0.0	2.0	0.0	0.0	2.0	6.0	063-0.png
0	1	1	0	0	0	0	1
0.0	0.0	2.0	0.0	2.0	2.0	1.0	063-1.png
0	1	1	0	0	0	0	1
0.0	0.0	2.0	0.0	0.0	2.0	1.0	063-2.png
0	1	1	0	0	0	0	1
0.0	0.0	2.0	0.0	2.0	2.0	2.0	064-0.png
0	1	1	0	0	0	0	1
0.0	1.0	2.0	0.0	2.0	2.0	5.0	064-1.png
0	1	0	0	0	0	0	1
0.0	1.0	2.0	0.0	2.0	2.0	2.0	064-2.png
0	1	0	0	0	0	0	1
0.0	1.0	2.0	0.0	2.0	2.0	2.0	064-3.png
0	1	0	0	0	0	0	1
0.0	0.0	2.0	0.0	2.0	1.0	5.0	065-0.png
0	1	1	0	0	0	0	1
0.0	0.0	2.0	2.0	1.0	1.0	1.0	065-1.png
0	1	1	0	0	0	0	0
0.0	1.0	2.0	0.0	0.0	1.0	2.0	066-0.png
0	1	0	0	0	0	0	1
0.0	0.0	2.0	0.0	0.0	1.0	3.0	066-1.png
0	1	1	0	0	0	0	1
0.0	0.0	2.0	0.0	2.0	2.0	1.0	067-0.png
0	1	1	0	0	0	0	1
0.0	1.0	0.0	0.0	2.0	0.0	2.0	068-0.png
0	1	0	0	0	0	0	1
0.0	1.0	1.0	2.0	1.0	2.0	1.0	069-0.png
0	1	1	0	0	0	0	0
0.0	1.0	2.0	0.0	2.0	2.0	3.0	070-0.png
0	1	0	0	0	0	0	1
0.0	1.0	0.0	2.0	1.0	0.0	4.0	071-0.png
0	1	0	0	0	0	0	0
0.0	0.0	1.0	0.0	2.0	1.0	3.0	072-0.png
0	1	1	0	0	0	0	1
0.0	1.0	0.0	2.0	1.0	0.0	4.0	073-0.png
0	1	0	0	0	0	0	0
0.0	1.0	0.0	2.0	1.0	0.0	2.0	074-0.png
0	1	0	0	0	0	0	0
0.0	0.0	2.0	2.0	1.0	0.0	6.0	075-0.png
0	1	1	0	0	0	0	0
0.0	1.0	2.0	0.0	2.0	2.0	3.0	076-0.png
0	1	0	0	0	0	0	1
0.0	0.0	2.0	0.0	1.0	1.0	2.0	077-0.png
0	1	1	0	0	0	0	1
0.0	0.0	1.0	0.0	0.0	0.0	0.0	078-0.png
0	1	1	0	0	0	1	1
0.0	1.0	0.0	0.0	1.0	1.0	6.0	079-0.png
0	0	0	0	1	0	0	1
0.0	1.0	0.0	0.0	2.0	1.0	3.0	080-0.png
0	0	0	0	0	0	0	1
0.0	1.0	2.0	0.0	1.0	2.0	3.0	081-0.png
0	1	0	0	0	0	0	1
0.0	1.0	2.0	0.0	1.0	1.0	6.0	081-1.png
0	1	0	0	1	0	0	1
0.0	0.0	0.0	0.0	1.0	2.0	3.0	082-0.png
0	1	1	0	0	0	0	1
0.0	0.0	2.0	0.0	0.0	2.0	5.0	083-0.png
0	1	1	0	0	0	0	1
0.0	0.0	0.0	0.0	1.0	2.0	5.0	084-0.png
0	1	1	0	0	0	0	1
0.0	1.0	0.0	0.0	2.0	1.0	2.0	084-1.png
0	0	0	0	0	0	0	1
0.0	0.0	1.0	0.0	2.0	2.0	6.0	085-0.png
0	1	1	0	0	0	0	1
0.0	0.0	1.0	0.0	0.0	2.0	6.0	085-1.png
0	1	1	0	0	0	1	1
0.0	0.0	1.0	0.0	0.0	2.0	6.0	085-2.png
0	1	1	0	0	0	1	1
0.0	0.0	1.0	0.0	0.0	2.0	6.0	085-3.png
0	1	1	0	0	0	1	1
0.0	0.0	1.0	0.0	0.0	2.0	6.0	085-4.png
0	1	1	0	0	0	1	1
0.0	0.0	1.0	0.0	0.0	2.0	5.0	085-5.png
0	1	1	0	0	0	1	1
0.0	1.0	2.0	0.0	2.0	2.0	3.0	086-0.png
0	1	0	0	0	0	0	1
0.0	0.0	1.0	0.0	0.0	1.0	2.0	087-0.png
0	1	1	0	0	0	1	1
0.0	0.0	1.0	0.0	0.0	1.0	3.0	087-1.png
0	1	1	0	0	0	1	1
0.0	0.0	1.0	0.0	2.0	1.0	3.0	087-2.png
0	1	1	0	0	0	0	1
0.0	0.0	0.0	0.0	2.0	2.0	3.0	088-0.png
0	1	1	0	0	0	0	1
0.0	1.0	0.0	2.0	1.0	2.0	2.0	088-1.png
0	1	0	0	0	0	0	0
0.0	1.0	0.0	2.0	1.0	2.0	2.0	088-2.png
0	1	0	0	0	0	0	0
0.0	1.0	0.0	0.0	1.0	2.0	3.0	089-0.png
0	1	0	0	0	0	0	1
0.0	1.0	0.0	2.0	1.0	2.0	3.0	089-1.png
0	1	0	0	0	0	0	0
0.0	1.0	2.0	0.0	1.0	2.0	3.0	089-2.png
0	1	0	0	0	0	0	1
0.0	0.0	2.0	0.0	2.0	1.0	2.0	090-0.png
0	1	1	0	0	0	0	1
0.0	0.0	1.0	0.0	2.0	1.0	2.0	090-1.png
0	1	1	0	0	0	0	1
0.0	0.0	2.0	0.0	1.0	1.0	6.0	090-2.png
0	1	1	0	0	0	0	1
0.0	0.0	1.0	2.0	0.0	0.0	6.0	091-0.png
0	1	1	0	0	0	1	1
0.0	0.0	1.0	0.0	0.0	0.0	6.0	091-2.png
0	1	1	0	0	0	1	1
0.0	1.0	2.0	0.0	1.0	2.0	6.0	092-0.png
0	1	0	0	1	0	0	1
0.0	1.0	2.0	0.0	2.0	2.0	6.0	092-1.png
0	1	0	0	1	0	0	1
0.0	1.0	2.0	0.0	1.0	0.0	2.0	092-2.png
0	1	0	0	0	0	0	1
0.0	0.0	0.0	2.0	1.0	0.0	4.0	093-0.png
0	1	1	0	0	0	0	0
0.0	1.0	0.0	0.0	1.0	0.0	4.0	093-1.png
0	1	0	0	0	0	0	1
0.0	1.0	0.0	0.0	1.0	0.0	4.0	093-2.png
0	1	0	0	0	0	0	1
0.0	1.0	0.0	0.0	2.0	2.0	6.0	094-0.png
0	1	0	0	1	0	0	1
0.0	1.0	0.0	0.0	2.0	2.0	6.0	094-1.png
0	1	0	0	1	0	0	1
0.0	0.0	0.0	0.0	2.0	2.0	6.0	094-2.png
0	1	1	0	0	0	0	1
0.0	0.0	2.0	0.0	2.0	1.0	4.0	095-0.png
0	1	1	0	0	0	0	1
0.0	1.0	2.0	0.0	2.0	2.0	4.0	095-1.png
0	1	0	0	0	0	0	1
0.0	1.0	0.0	2.0	1.0	2.0	2.0	096-0.png
0	1	0	0	0	0	0	0
0.0	0.0	2.0	0.0	2.0	0.0	5.0	097-0.png
0	1	1	0	0	0	0	1
0.0	0.0	2.0	0.0	2.0	1.0	3.0	098-0.png
0	1	1	0	0	0	0	1
0.0	1.0	1.0	0.0	0.0	1.0	4.0	099-0.png
0	1	1	0	0	0	1	1
0.0	0.0	2.0	0.0	2.0	0.0	1.0	100-0.png
0	1	1	0	0	0	0	1
0.0	0.0	2.0	0.0	1.0	0.0	6.0	102-0.png
0	1	1	0	0	0	0	1
0.0	0.0	2.0	0.0	1.0	0.0	5.0	102-1.png
0	1	1	0	0	0	0	1
0.0	0.0	2.0	0.0	2.0	1.0	6.0	103-0.png
0	1	1	0	0	0	0	1
0.0	0.0	2.0	0.0	1.0	1.0	3.0	104-0.png
0	1	1	0	0	0	0	1
0.0	1.0	0.0	1.0	1.0	1.0	2.0	105-0.png
0	0	0	0	0	1	0	0
0.0	0.0	2.0	0.0	2.0	1.0	2.0	106-0.png
0	1	1	0	0	0	0	1
0.0	0.0	2.0	0.0	1.0	2.0	1.0	107-0.png
0	1	1	0	0	0	0	1
0.0	0.0	1.0	0.0	2.0	2.0	1.0	107-1.png
0	1	1	0	0	0	0	1
0.0	0.0	2.0	0.0	1.0	2.0	1.0	107-2.png
0	1	1	0	0	0	0	1
0.0	0.0	1.0	0.0	2.0	2.0	1.0	107-3.png
0	1	1	0	0	0	0	1
0.0	1.0	0.0	2.0	1.0	0.0	6.0	108-0.png
0	1	0	0	1	0	0	0
0.0	0.0	0.0	0.0	1.0	0.0	2.0	108-1.png
0	1	1	0	0	0	0	1
0.0	0.0	0.0	2.0	1.0	0.0	2.0	108-2.png
0	1	1	0	0	0	0	0
0.0	0.0	0.0	0.0	1.0	0.0	2.0	108-3.png
0	1	1	0	0	0	0	1
0.0	0.0	2.0	0.0	2.0	1.0	5.0	109-0.png
0	1	1	0	0	0	0	1
0.0	0.0	2.0	0.0	2.0	2.0	6.0	109-1.png
0	1	1	0	0	0	0	1
0.0	0.0	2.0	0.0	2.0	1.0	6.0	109-2.png
0	1	1	0	0	0	0	1
0.0	0.0	1.0	0.0	2.0	2.0	6.0	109-3.png
0	1	1	0	0	0	0	1
0.0	0.0	1.0	0.0	0.0	2.0	6.0	110-0.png
0	1	1	0	0	0	1	1
0.0	0.0	1.0	0.0	0.0	2.0	6.0	110-1.png
0	1	1	0	0	0	1	1
0.0	0.0	1.0	0.0	0.0	2.0	5.0	110-2.png
0	1	1	0	0	0	1	1
0.0	0.0	1.0	0.0	0.0	2.0	6.0	110-3.png
0	1	1	0	0	0	1	1
0.0	1.0	0.0	0.0	1.0	0.0	6.0	111-0.png
0	1	0	0	1	0	0	1
0.0	1.0	2.0	0.0	1.0	0.0	6.0	111-1.png
0	1	0	0	1	0	0	1
0.0	0.0	2.0	0.0	2.0	0.0	5.0	111-2.png
0	1	1	0	0	0	0	1
0.0	0.0	2.0	2.0	1.0	0.0	6.0	111-3.png
0	1	1	0	0	0	0	0
0.0	1.0	2.0	0.0	2.0	2.0	6.0	112-0.png
0	1	0	0	1	0	0	1
0.0	1.0	2.0	0.0	2.0	2.0	6.0	112-1.png
0	1	0	0	1	0	0	1
0.0	0.0	2.0	0.0	2.0	2.0	6.0	112-2.png
0	1	1	0	0	0	0	1
0.0	1.0	2.0	0.0	2.0	2.0	6.0	112-3.png
0	1	0	0	1	0	0	1
0.0	0.0	2.0	0.0	2.0	2.0	6.0	113-0.png
0	1	1	0	0	0	0	1
0.0	0.0	2.0	0.0	2.0	2.0	6.0	113-1.png
0	1	1	0	0	0	0	1
0.0	0.0	2.0	0.0	0.0	2.0	6.0	113-2.png
0	1	1	0	0	0	0	1
0.0	0.0	2.0	0.0	2.0	2.0	6.0	113-3.png
0	1	1	0	0	0	0	1
0.0	0.0	2.0	0.0	1.0	2.0	5.0	114-0.png
0	1	1	0	0	0	0	1
0.0	0.0	2.0	0.0	2.0	2.0	6.0	114-1.png
0	1	1	0	0	0	0	1
0.0	1.0	2.0	0.0	1.0	2.0	2.0	114-2.png
0	1	0	0	0	0	0	1
0.0	0.0	1.0	0.0	0.0	2.0	1.0	114-3.png
0	1	1	0	0	0	1	1
0.0	0.0	2.0	0.0	1.0	2.0	4.0	115-0.png
0	1	1	0	0	0	0	1
0.0	0.0	0.0	2.0	1.0	0.0	2.0	116-0.png
0	1	1	0	0	0	0	0
0.0	0.0	2.0	2.0	1.0	0.0	6.0	117-0.png
0	1	1	0	0	0	0	0
0.0	0.0	0.0	2.0	1.0	0.0	5.0	117-1.png
0	1	1	0	0	0	0	0
0.0	1.0	0.0	0.0	1.0	0.0	5.0	117-2.png
0	1	0	0	0	0	0	1
0.0	0.0	0.0	2.0	1.0	0.0	6.0	117-3.png
0	1	1	0	0	0	0	0
0.0	0.0	1.0	0.0	0.0	2.0	4.0	118-0.png
0	1	1	0	0	0	1	1
0.0	0.0	1.0	0.0	2.0	2.0	4.0	118-1.png
0	1	1	0	0	0	0	1
0.0	0.0	2.0	0.0	2.0	2.0	4.0	118-2.png
0	1	1	0	0	0	0	1
0.0	0.0	1.0	0.0	2.0	2.0	4.0	118-3.png
0	1	1	0	0	0	0	1
0.0	0.0	1.0	0.0	2.0	2.0	3.0	118-4.png
0	1	1	0	0	0	0	1
0.0	0.0	1.0	0.0	2.0	2.0	3.0	118-5.png
0	1	1	0	0	0	0	1
0.0	0.0	1.0	0.0	2.0	2.0	3.0	118-6.png
0	1	1	0	0	0	0	1
0.0	1.0	2.0	0.0	2.0	2.0	1.0	119-0.png
0	1	0	0	0	0	0	1
0.0	1.0	2.0	0.0	2.0	2.0	1.0	119-1.png
0	1	0	0	0	0	0	1
0.0	0.0	2.0	0.0	2.0	2.0	5.0	120-0.png
0	1	1	0	0	0	0	1
0.0	0.0	1.0	0.0	1.0	1.0	5.0	121-0.png
0	1	1	0	0	0	0	1
0.0	1.0	0.0	0.0	1.0	2.0	5.0	121-1.png
0	1	0	0	0	0	0	1
0.0	1.0	0.0	0.0	1.0	2.0	3.0	122-0.png
0	1	0	0	0	0	0	1
0.0	0.0	2.0	0.0	2.0	2.0	4.0	123-0.png
0	1	1	0	0	0	0	1
0.0	0.0	2.0	0.0	2.0	2.0	4.0	123-1.png
0	1	1	0	0	0	0	1
0.0	0.0	2.0	0.0	2.0	2.0	3.0	123-2.png
0	1	1	0	0	0	0	1
0.0	0.0	2.0	0.0	2.0	2.0	3.0	123-3.png
0	1	1	0	0	0	0	1
0.0	0.0	1.0	0.0	2.0	2.0	3.0	123-4.png
0	1	1	0	0	0	0	1
0.0	0.0	0.0	0.0	1.0	1.0	5.0	124-0.png
0	0	1	0	0	0	0	1
0.0	0.0	0.0	0.0	1.0	1.0	1.0	124-1.png
0	0	1	0	0	0	0	1
0.0	0.0	2.0	0.0	1.0	1.0	5.0	124-2.png
0	1	1	0	0	0	0	1
0.0	0.0	0.0	0.0	1.0	1.0	1.0	124-3.png
0	0	1	0	0	0	0	1
0.0	1.0	0.0	0.0	2.0	2.0	5.0	125-0.png
0	1	0	0	0	0	0	1
0.0	1.0	0.0	0.0	2.0	2.0	2.0	125-1.png
0	1	0	0	0	0	0	1
0.0	1.0	2.0	0.0	0.0	2.0	6.0	125-2.png
0	1	0	0	1	0	0	1
0.0	1.0	2.0	0.0	2.0	2.0	2.0	125-3.png
0	1	0	0	0	0	0	1
0.0	0.0	2.0	0.0	1.0	2.0	6.0	126-0.png
0	1	1	0	0	0	0	1
0.0	0.0	1.0	0.0	1.0	2.0	1.0	126-1.png
0	1	1	0	0	0	0	1
0.0	1.0	0.0	0.0	1.0	2.0	6.0	126-2.png
0	1	0	0	1	0	0	1
0.0	1.0	2.0	0.0	1.0	2.0	5.0	126-3.png
0	1	0	0	0	0	0	1
0.0	0.0	0.0	0.0	1.0	2.0	5.0	126-4.png
0	1	1	0	0	0	0	1
0.0	0.0	2.0	0.0	2.0	2.0	1.0	127-0.png
0	1	1	0	0	0	0	1
0.0	0.0	2.0	0.0	2.0	1.0	1.0	127-1.png
0	1	1	0	0	0	0	1
0.0	1.0	0.0	0.0	2.0	1.0	1.0	127-2.png
0	0	0	0	0	0	0	1
0.0	0.0	0.0	0.0	2.0	1.0	1.0	128-0.png
0	0	1	0	0	0	0	1
0.0	0.0	0.0	2.0	1.0	1.0	1.0	128-1.png
0	0	1	0	0	0	0	0
0.0	1.0	0.0	0.0	1.0	1.0	1.0	128-2.png
0	0	0	0	0	0	0	1
0.0	0.0	0.0	2.0	1.0	1.0	1.0	128-3.png
0	0	1	0	0	0	0	0
0.0	1.0	0.0	2.0	1.0	1.0	1.0	128-4.png
0	0	0	0	0	0	0	0
0.0	0.0	2.0	2.0	0.0	1.0	0.0	129-0.png
0	1	1	0	0	0	0	1
0.0	0.0	1.0	0.0	0.0	2.0	0.0	129-1.png
0	1	1	0	0	0	1	1
0.0	0.0	0.0	2.0	2.0	2.0	6.0	129-2.png
0	1	1	1	0	0	0	0
0.0	0.0	1.0	0.0	0.0	1.0	0.0	129-3.png
0	1	1	0	0	0	1	1
0.0	0.0	0.0	0.0	2.0	2.0	4.0	130-0.png
0	1	1	0	0	0	0	1
0.0	1.0	2.0	0.0	2.0	2.0	4.0	130-1.png
0	1	0	0	0	0	0	1
0.0	1.0	2.0	0.0	2.0	2.0	4.0	130-2.png
0	1	0	0	0	0	0	1
0.0	1.0	2.0	0.0	2.0	2.0	4.0	130-3.png
0	1	0	0	0	0	0	1
0.0	0.0	2.0	0.0	2.0	2.0	4.0	130-4.png
0	1	1	0	0	0	0	1
0.0	1.0	0.0	0.0	1.0	1.0	2.0	131-0.png
0	0	0	0	0	0	0	1
0.0	0.0	2.0	2.0	1.0	1.0	2.0	131-1.png
0	1	1	0	0	0	0	0
0.0	0.0	0.0	2.0	1.0	1.0	2.0	131-2.png
0	0	1	0	0	0	0	0
0.0	0.0	2.0	0.0	1.0	1.0	2.0	131-3.png
0	1	1	0	0	0	0	1
0.0	1.0	0.0	0.0	2.0	2.0	0.0	132-0.png
0	1	0	0	0	0	0	1
0.0	0.0	1.0	0.0	0.0	2.0	0.0	132-1.png
0	1	1	0	0	0	1	1
0.0	1.0	0.0	0.0	1.0	2.0	3.0	132-2.png
0	1	0	0	0	0	0	1
0.0	1.0	0.0	0.0	1.0	2.0	3.0	132-3.png
0	1	0	0	0	0	0	1
0.0	0.0	2.0	0.0	2.0	2.0	4.0	133-0.png
0	1	1	0	0	0	0	1
0.0	0.0	0.0	0.0	2.0	2.0	2.0	133-1.png
0	1	1	0	0	0	0	1
0.0	0.0	2.0	0.0	2.0	2.0	2.0	133-2.png
0	1	1	0	0	0	0	1
0.0	0.0	2.0	2.0	2.0	2.0	2.0	133-3.png
0	1	1	1	0	0	0	0
0.0	1.0	2.0	0.0	2.0	2.0	2.0	133-4.png
0	1	0	0	0	0	0	1
0.0	0.0	2.0	0.0	2.0	1.0	2.0	134-0.png
0	1	1	0	0	0	0	1
0.0	0.0	1.0	0.0	2.0	1.0	3.0	134-1.png
0	1	1	0	0	0	0	1
0.0	0.0	0.0	0.0	2.0	1.0	5.0	135-0.png
0	0	1	0	0	0	0	1
0.0	0.0	0.0	0.0	1.0	1.0	5.0	135-1.png
0	0	1	0	0	0	0	1
0.0	0.0	2.0	0.0	2.0	1.0	4.0	136-0.png
0	1	1	0	0	0	0	1
