89.61	66.0	0.0	284.0	0.0	171.38	0	000-0.png	
51.48	4.65	16.33	4.0	1.84	194.71	-15	000-1.png	
88.9	31.0	0.0	444.0	0.0	170.29	0	000-10.png	
65.45	1.84	16.33	8.63	1.48	165.56	180	000-11.png	
54.0	2.13	15.5	7.87	1.63	171.55	-15	000-12.png	
69.73	1.71	20.5	10.24	1.13	174.16	0	000-13.png	
54.29	2.44	14.75	9.61	1.77	170.93	-15	000-14.png	
62.94	3.07	13.67	12.32	2.26	171.9	180	000-15.png	
50.11	2.57	13.25	8.85	1.93	171.28	-15	000-16.png	
78.56	2.69	13.0	31.69	1.97	169.13	-15	000-17.png	
40.13	2.65	15.5	7.77	1.74	167.94	-15	000-18.png	
89.61	42.0	0.0	287.0	0.0	169.14	0	000-19.png	
81.66	1.45	22.0	17.95	1.34	182.99	0	000-2.png	
79.74	1.58	19.0	17.89	1.78	169.25	-30	000-20.png	
89.53	42.0	0.0	534.0	0.0	170.08	0	000-21.png	
88.96	36.0	0.0	350.0	0.0	171.68	0	000-22.png	
89.24	40.0	0.0	321.0	0.0	162.82	0	000-23.png	
89.67	43.0	0.0	441.0	0.0	158.97	0	000-24.png	
65.23	2.54	15.33	12.35	1.55	168.45	-15	000-25.png	
53.98	2.62	15.25	7.51	1.56	167.25	-15	000-26.png	
89.3	35.0	0.0	345.0	0.0	160.74	0	000-27.png	
71.94	2.14	14.0	15.11	2.0	158.26	-15	000-28.png	
59.95	1.27	17.33	9.12	1.25	164.27	180	000-29.png	
71.66	1.65	20.0	11.0	1.33	174.77	-15	000-3.png	
59.82	4.77	13.0	7.74	2.06	184.84	-15	000-30.png	
89.68	64.0	0.0	191.0	0.0	176.29	0	000-31.png	
65.17	3.0	12.33	15.24	2.0	170.67	-15	000-32.png	
71.9	3.8	15.0	15.67	1.74	166.81	-15	000-33.png	
30.19	3.23	13.0	5.38	2.57	164.55	-30	000-34.png	
78.42	4.56	16.0	22.94	1.48	167.18	-15	000-35.png	
56.28	5.63	13.67	9.37	1.89	161.88	-30	000-36.png	
62.96	4.22	12.33	14.62	2.31	160.74	-30	000-37.png	
89.56	60.0	0.0	161.0	0.0	160.61	0	000-38.png	
80.61	5.27	11.0	35.09	2.49	164.55	-15	000-39.png	
71.78	1.02	21.5	8.53	1.31	174.41	-15	000-4.png	
79.48	3.5	14.0	31.36	1.83	158.96	-15	000-40.png	
24.92	4.48	12.5	6.42	1.99	157.75	-15	000-41.png	
41.09	3.6	13.33	7.11	1.97	158.17	-15	000-42.png	
32.84	4.08	13.0	6.9	1.8	162.14	-30	000-43.png	
65.44	3.34	11.67	5.51	1.83	157.96	-30	000-44.png	
78.62	1.77	13.0	35.85	1.96	148.5	-30	000-45.png	
79.65	5.17	12.0	8.75	3.08	166.11	-45	000-46.png	
27.23	4.99	11.43	7.26	2.05	161.5	-30	000-47.png	
9.26	2.45	12.67	5.0	1.95	158.19	-15	000-48.png	
69.95	5.48	13.5	12.89	2.17	152.04	-15	000-49.png	
89.59	22.0	0.0	357.0	0.0	173.65	0	000-5.png	
45.0	5.09	11.6	7.98	2.17	147.98	-15	000-50.png	
49.3	3.17	12.6	9.41	1.94	147.14	-30	000-51.png	
73.36	2.77	13.0	19.38	1.98	146.54	-15	000-52.png	
80.79	4.15	13.0	30.85	2.02	143.31	-30	000-53.png	
50.21	3.7	13.25	8.64	2.26	143.97	-15	000-54.png	
89.36	76.0	0.0	434.0	0.0	146.71	0	000-55.png	
71.89	4.91	11.0	17.27	2.17	144.07	-30	000-56.png	
62.92	4.28	15.67	8.45	1.57	145.15	-15	000-57.png	
36.42	4.43	11.5	7.88	2.25	164.7	-15	000-58.png	
89.8	35.0	0.0	402.0	0.0	171.13	0	000-6.png	
89.45	34.0	0.0	528.0	0.0	170.58	0	000-7.png	
57.13	2.0	16.0	7.02	1.64	170.39	-15	000-8.png	
89.6	27.0	0.0	416.0	0.0	170.21	0	000-9.png	
45.12	3.46	13.0	9.13	2.6	145.7	-5	001-0.png	
76.88	9.42	12.0	25.67	1.91	147.34	-15	001-1.png	
45.05	6.61	11.2	10.02	2.2	188.41	45	002-0.png	
79.86	2.41	27.0	9.74	0.67	152.75	30	003-0.png	
26.08	3.94	19.8	2.91	1.06	150.24	15	003-1.png	
59.66	3.17	12.0	9.14	1.75	125.5	30	004-0.png	
26.01	0.9	21.2	2.83	0.69	158.16	0	005-0.png	
56.31	0.0	21.33	4.81	0.66	158.88	0	005-1.png	
44.93	0.51	21.5	3.92	0.94	166.43	15	006-0.png	
63.38	0.87	17.33	7.33	1.28	153.74	-5	007-0.png	
56.11	0.6	20.0	5.13	1.48	154.0	-5	007-1.png	
36.37	4.73	16.5	4.7	1.23	128.69	30	008-0.png	
70.16	2.81	18.5	6.65	1.03	130.74	30	008-1.png	
79.78	5.94	16.0	21.0	1.66	164.84	30	009-0.png	
89.73	65.0	0.0	473.0	0.0	163.75	0	009-1.png	
22.59	5.24	17.0	4.37	1.55	190.79	180	010-0.png	
40.17	3.6	17.8	4.34	1.46	188.69	180	010-1.png	
45.22	3.75	12.0	9.3	1.79	138.47	180	011-0.png	
36.33	3.06	17.0	4.42	1.73	150.63	0	011-1.png	
89.83	13.0	0.0	445.0	32.39	170.31	-45	012-0.png	
74.75	2.26	19.0	31.42	1.77	172.58	-45	012-1.png	
60.14	2.46	24.0	5.4	0.76	159.96	30	014-0.png	
22.59	0.25	23.67	3.39	1.07	158.15	30	014-1.png	
0.68	3.44	21.5	2.4	1.75	140.87	30	015-0.png	
54.07	1.62	17.33	8.29	2.17	156.54	15	016-0.png	
59.84	0.53	20.6	4.48	2.55	156.5	15	016-1.png	
30.52	0.72	19.38	3.34	1.9	157.36	15	016-2.png	
78.51	5.36	22.0	12.91	1.03	197.91	15	017-0.png	
71.32	1.4	25.0	7.2	0.75	198.2	15	017-1.png	
48.95	3.17	24.0	3.17	0.88	199.07	15	017-2.png	
71.85	2.71	14.0	13.86	1.36	150.1	15	018-0.png	
67.35	0.91	17.5	8.31	1.2	146.41	15	018-1.png	
36.28	0.38	21.0	3.17	0.71	187.1	30	019-0.png	
56.48	1.68	19.0	4.37	0.64	195.75	30	019-1.png	
40.21	0.5	18.0	3.54	0.74	195.79	30	019-2.png	
59.98	3.04	13.5	8.56	1.68	167.9	-5	020-0.png	
22.69	1.05	15.17	4.49	1.14	135.13	45	021-0.png	
49.42	3.0	18.0	5.03	0.97	151.11	30	022-0.png	
45.32	0.07	15.0	7.08	1.13	155.12	30	023-0.png	
63.29	3.94	21.33	6.3	2.12	157.71	180	024-0.png	
89.39	36.0	0.0	270.0	0.0	140.0	0	025-0.png	
89.28	56.0	0.0	174.0	0.0	139.59	0	025-1.png	
67.33	4.0	14.0	9.86	1.29	137.51	15	025-2.png	
89.39	84.0	0.0	293.0	0.0	140.2	0	025-3.png	
89.52	31.0	0.0	308.0	0.0	139.01	0	025-4.png	
62.77	1.15	20.0	6.93	1.12	187.98	30	026-0.png	
64.35	2.56	18.0	6.39	1.02	187.67	30	026-1.png	
45.34	3.11	18.33	4.65	1.01	186.87	15	026-2.png	
78.36	1.09	22.0	12.5	1.02	188.1	30	026-3.png	
59.98	2.28	19.33	5.66	1.05	186.9	15	026-4.png	
56.12	3.0	12.33	12.41	1.34	135.4	-30	027-0.png	
75.0	3.95	20.0	10.25	0.8	130.86	30	028-0.png	
56.27	7.02	16.67	6.78	1.58	136.83	180	029-0.png	
89.92	48.0	0.0	354.0	16.0	134.6	15	030-0.png	
51.65	3.66	24.33	4.11	0.64	131.86	15	031-0.png	
45.54	3.25	16.6	5.45	1.58	170.09	180	032-0.png	
33.88	6.32	17.4	4.36	1.13	192.11	0	033-0.png	
36.43	6.1	8.2	12.05	1.97	132.51	15	034-0.png	
67.53	1.74	15.5	8.81	1.76	180.48	0	035-0.png	
77.19	2.38	16.0	24.44	1.21	165.08	-5	036-0.png	
55.97	4.54	12.33	9.16	2.07	146.98	15	037-0.png	
89.47	52.0	0.0	457.0	0.0	149.25	-5	037-1.png	
49.17	1.48	14.2	6.48	1.49	146.9	15	037-2.png	
71.62	3.54	13.0	15.54	1.87	143.99	15	037-3.png	
71.7	2.0	13.0	17.58	1.68	146.29	15	037-4.png	
56.09	0.81	22.33	6.09	0.95	136.41	180	038-0.png	
25.06	1.27	16.5	4.1	1.3	147.99	45	039-0.png	
69.88	5.17	18.0	9.44	1.17	169.97	45	040-0.png	
45.0	1.77	19.25	3.61	0.88	171.38	45	041-0.png	
20.31	1.06	15.14	4.1	1.31	180.72	0	042-0.png	
22.96	0.27	21.86	2.42	1.11	161.66	30	043-0.png	
40.32	1.71	17.0	4.11	1.11	150.1	30	044-0.png	
36.06	4.34	15.2	8.47	2.45	184.61	-45	045-0.png	
65.39	1.06	11.33	16.62	1.47	169.09	15	046-0.png	
45.24	0.0	18.4	5.05	2.16	121.01	180	047-0.png	
36.26	2.89	13.17	6.49	1.92	189.18	-30	048-0.png	
56.33	1.43	14.0	8.93	1.81	188.8	180	049-0.png	
34.35	2.0	16.0	3.77	0.96	167.22	-15	050-0.png	
76.75	1.9	20.0	12.55	1.03	195.53	15	051-0.png	
51.59	2.16	23.6	3.32	1.11	194.49	180	052-0.png	
57.3	2.86	23.75	5.32	2.42	190.53	-15	053-0.png	
52.59	0.17	23.2	5.01	0.83	176.9	-5	054-0.png	
36.28	9.0	11.67	7.4	1.03	147.95	45	055-0.png	
25.88	1.36	19.8	4.1	0.76	122.22	-15	056-0.png	
39.43	2.0	19.5	4.45	1.15	184.83	-5	058-0.png	
26.4	2.15	18.17	3.81	1.08	184.52	-5	058-1.png	
36.29	1.65	20.67	2.65	0.81	184.57	-5	058-2.png	
10.82	1.33	23.25	2.06	0.82	183.88	-15	058-3.png	
22.87	4.09	18.83	3.64	0.81	181.89	15	059-0.png	
34.1	3.45	20.6	3.18	0.71	180.36	15	059-1.png	
51.29	3.0	22.33	4.27	0.77	182.74	15	059-2.png	
30.21	4.43	21.0	3.6	0.71	181.17	15	059-3.png	
27.34	4.62	13.43	5.67	1.6	151.96	15	060-0.png	
36.34	4.24	12.5	8.13	1.74	155.66	15	060-1.png	
63.06	4.1	13.67	9.07	1.55	152.76	15	060-2.png	
40.34	2.41	11.6	8.72	1.74	152.47	15	060-3.png	
38.87	2.22	18.0	4.53	1.18	179.12	15	061-0.png	
13.88	1.62	18.5	3.16	1.24	177.58	15	061-1.png	
60.01	1.45	16.5	6.64	1.33	177.78	15	061-2.png	
77.29	1.13	15.0	13.53	1.42	178.04	15	061-3.png	
76.79	0.83	12.0	12.58	2.19	137.04	15	062-0.png	
39.41	3.38	14.5	5.53	1.91	138.95	15	062-1.png	
45.13	3.51	8.83	12.21	2.55	143.45	0	062-2.png	
18.45	5.45	14.5	5.03	2.27	175.68	180	063-0.png	
18.55	3.64	15.38	4.33	1.72	178.48	-5	063-1.png	
45.24	6.47	13.6	6.9	2.09	178.33	-5	063-2.png	
25.11	1.75	14.88	5.5	1.3	158.92	5	064-0.png	
49.68	0.67	15.0	6.58	1.49	159.9	0	064-1.png	
32.81	0.27	15.0	4.99	1.53	159.74	5	064-2.png	
69.82	0.85	16.5	10.79	1.38	159.35	15	064-3.png	
45.09	2.46	14.2	4.97	1.26	144.0	0	065-0.png	
13.23	3.03	15.83	3.24	1.05	140.31	-5	065-1.png	
13.62	0.69	15.86	3.5	2.18	145.62	15	066-0.png	
30.27	2.07	15.0	4.57	2.31	147.69	30	066-1.png	
22.98	2.04	17.17	4.28	1.24	153.0	-5	067-0.png	
69.78	0.72	18.0	11.94	1.33	194.51	15	068-0.png	
60.02	1.44	12.5	2.72	1.13	156.59	-15	069-0.png	
45.18	1.2	15.0	6.65	1.9	171.1	30	070-0.png	
59.82	0.88	19.33	2.9	0.81	207.33	45	071-0.png	
41.15	3.24	12.33	6.38	1.46	148.94	30	072-0.png	
44.93	1.25	25.67	2.83	0.74	189.26	45	073-0.png	
40.4	0.71	21.0	3.18	0.95	211.77	15	074-0.png	
45.22	1.85	17.33	2.58	0.9	199.37	180	075-0.png	
45.27	1.59	13.2	8.11	1.64	156.0	30	076-0.png	
30.41	2.3	13.5	5.35	1.16	140.01	5	077-0.png	
89.34	3.0	4.0	91.25	8.0	201.72	-30	078-0.png	
40.37	1.59	21.4	3.6	1.1	129.23	180	079-0.png	
51.62	0.39	25.5	3.86	1.41	148.96	30	080-0.png	
64.51	1.49	17.5	8.74	0.84	172.76	30	081-0.png	
51.11	0.93	15.0	7.27	0.85	144.14	180	081-1.png	
56.37	2.08	21.67	4.49	1.11	165.15	30	082-0.png	
40.47	3.31	15.4	6.35	3.1	163.55	0	083-0.png	
50.28	2.22	20.75	4.78	1.17	158.78	0	084-0.png	
45.54	1.46	19.2	4.8	1.71	149.05	15	084-1.png	
15.82	5.62	9.6	7.15	1.97	159.04	180	085-0.png	
0.56	10.03	8.38	6.93	2.57	160.28	180	085-1.png	
15.43	11.09	9.2	7.07	2.1	157.87	180	085-2.png	
25.93	14.25	8.0	6.92	2.46	158.5	180	085-3.png	
0.46	7.44	9.0	6.0	2.41	162.33	180	085-4.png	
30.39	3.88	8.0	9.16	2.32	151.31	0	085-5.png	
27.53	1.36	16.86	4.22	1.46	162.83	30	086-0.png	
51.45	2.52	10.33	11.81	2.81	145.28	15	087-0.png	
51.58	2.64	11.0	9.0	2.61	150.25	30	087-1.png	
64.38	8.0	9.5	15.58	1.98	145.62	30	087-2.png	
51.37	2.2	20.0	3.61	1.82	160.1	30	088-0.png	
15.26	0.39	20.67	2.79	0.87	160.82	15	088-1.png	
36.1	1.45	23.5	3.27	0.79	172.03	15	088-2.png	
60.12	0.28	18.0	7.65	1.0	157.86	30	089-0.png	
18.47	1.32	19.0	2.78	0.91	158.01	30	089-1.png	
48.96	0.86	16.2	4.43	0.93	155.24	30	089-2.png	
51.68	3.9	13.33	9.35	1.3	127.47	5	090-0.png	
67.49	4.58	12.0	18.0	1.46	125.35	15	090-1.png	
77.23	3.73	15.0	22.8	0.97	129.61	180	090-2.png	
81.7	3.4	10.0	2.0	2.43	184.81	180	091-0.png	
73.63	7.0	10.0	7.75	2.06	183.96	180	091-2.png	
22.82	1.62	17.33	3.88	1.16	178.91	180	092-0.png	
45.23	0.8	17.4	5.1	1.21	176.63	180	092-1.png	
69.89	1.43	17.5	9.26	1.09	180.5	15	092-2.png	
44.81	1.9	19.5	3.05	1.05	196.74	45	093-0.png	
56.43	0.19	21.0	4.06	1.09	193.02	45	093-1.png	
50.03	1.6	20.0	4.17	1.07	193.65	45	093-2.png	
67.78	0.22	23.0	9.24	1.45	155.9	180	094-0.png	
45.26	1.62	19.8	3.93	1.27	158.41	180	094-1.png	
51.43	1.97	19.33	6.43	1.45	157.69	180	094-2.png	
62.91	3.78	16.67	10.52	1.46	142.29	45	095-0.png	
81.46	1.19	16.0	32.06	1.31	153.94	45	095-1.png	
40.21	1.01	21.8	2.97	0.92	156.12	15	096-0.png	
23.04	2.23	15.67	4.43	1.43	183.3	0	097-0.png	
25.97	2.54	13.4	5.72	1.97	130.7	30	098-0.png	
45.23	1.4	10.0	8.13	2.41	137.02	45	099-0.png	
38.85	2.41	15.75	3.83	1.32	186.9	-15	100-0.png	
30.09	3.07	15.0	4.78	0.97	206.77	180	102-0.png	
15.3	3.07	15.0	3.92	0.88	194.53	0	102-1.png	
27.45	3.72	13.71	5.81	1.64	142.98	180	103-0.png	
27.37	2.29	15.71	4.14	1.07	147.66	30	104-0.png	
0.53	0.48	27.33	1.66	0.79	129.25	15	105-0.png	
23.11	2.94	15.29	4.07	2.0	139.27	5	106-0.png	
39.33	1.97	14.75	5.75	1.16	174.09	-15	107-0.png	
49.29	4.17	10.8	11.37	1.5	174.51	-15	107-1.png	
27.43	3.85	13.0	5.47	1.18	175.0	-15	107-2.png	
50.04	4.68	10.25	11.37	1.59	174.9	-15	107-3.png	
13.64	1.11	21.67	2.53	0.86	198.91	180	108-0.png	
71.98	2.9	20.0	10.7	1.02	200.38	5	108-1.png	
30.62	2.18	22.0	2.62	0.78	202.59	5	108-2.png	
36.2	3.2	20.33	4.61	0.84	202.75	5	108-3.png	
0.58	3.29	14.0	3.88	1.46	150.77	0	109-0.png	
38.78	2.17	14.75	5.9	1.32	153.27	180	109-1.png	
64.4	2.73	16.5	7.79	1.2	149.65	180	109-2.png	
60.08	4.64	12.5	5.72	1.48	154.23	180	109-3.png	
90.0	11.5	2.0	110.75	19.62	151.37	180	110-0.png	
59.73	2.47	5.67	32.59	5.99	153.91	180	110-1.png	
88.87	14.29	1.75	73.14	21.9	155.52	0	110-2.png	
45.14	2.14	11.67	13.4	3.42	151.66	180	110-3.png	
40.41	1.39	19.4	4.21	0.84	195.35	180	111-0.png	
56.36	1.56	16.67	7.64	1.07	194.96	180	111-1.png	
25.84	2.6	15.4	4.14	1.23	192.57	0	111-2.png	
15.26	2.74	16.4	3.35	1.19	192.14	180	111-3.png	
36.29	1.21	17.33	4.98	1.35	166.14	180	112-0.png	
51.55	1.65	17.0	6.4	1.29	166.51	180	112-1.png	
38.95	1.85	16.75	5.36	1.46	165.74	180	112-2.png	
77.05	0.29	14.0	18.29	1.86	167.16	180	112-3.png	
49.97	2.51	14.75	6.71	1.5	176.34	180	113-0.png	
26.05	4.26	13.6	4.12	1.94	174.7	180	113-1.png	
45.07	2.83	15.2	5.87	2.48	161.01	180	113-2.png	
51.75	4.09	14.67	6.73	1.65	162.13	180	113-3.png	
23.12	2.15	15.83	4.87	1.16	164.11	0	114-0.png	
18.27	1.76	17.0	4.51	1.3	162.3	180	114-1.png	
60.16	1.62	17.33	5.12	1.08	160.56	5	114-2.png	
90.0	17.0	0.0	72.0	32.0	161.41	-5	114-3.png	
54.31	4.34	17.5	4.71	0.6	173.2	45	115-0.png	
25.01	3.25	21.88	2.91	0.81	209.01	15	116-0.png	
10.58	2.16	17.62	2.89	1.17	205.1	180	117-0.png	
36.55	2.8	22.5	2.92	0.93	204.07	0	117-1.png	
27.6	1.61	19.29	3.63	1.12	203.34	0	117-2.png	
22.99	2.33	20.17	3.19	1.11	204.49	180	117-3.png	
54.17	6.2	10.0	10.55	2.14	152.88	45	118-0.png	
15.28	3.89	12.6	4.1	1.51	154.32	45	118-1.png	
36.23	4.43	14.67	4.84	1.26	153.84	45	118-2.png	
30.33	3.76	12.5	5.98	1.3	155.88	45	118-3.png	
36.11	5.29	11.33	4.32	1.56	151.36	30	118-4.png	
51.52	6.69	11.67	8.31	1.49	154.6	30	118-5.png	
26.09	2.46	11.4	5.3	1.54	158.01	30	118-6.png	
57.39	1.64	15.25	5.56	1.35	151.13	-15	119-0.png	
36.31	1.37	13.83	6.45	1.76	157.17	-15	119-1.png	
50.02	2.49	15.25	7.39	1.57	171.08	0	120-0.png	
88.84	30.0	0.0	270.0	0.0	140.59	0	121-0.png	
54.15	1.14	28.0	3.85	0.86	175.99	0	121-1.png	
51.41	0.89	28.0	4.19	0.85	173.39	30	122-0.png	
56.3	3.33	15.0	7.02	1.39	176.1	45	123-0.png	
11.59	3.16	14.57	3.89	1.45	176.26	45	123-1.png	
34.0	3.26	14.4	5.07	1.35	178.16	30	123-2.png	
33.94	2.0	13.0	5.6	1.4	176.81	30	123-3.png	
56.31	4.25	12.0	9.47	1.63	152.48	30	123-4.png	
56.28	2.02	18.33	7.13	1.0	138.2	0	124-0.png	
54.17	3.78	18.25	5.88	0.98	138.88	-5	124-1.png	
57.09	1.82	16.5	6.12	1.11	139.41	0	124-2.png	
76.94	2.0	18.0	20.89	1.02	136.17	-5	124-3.png	
71.86	0.12	24.5	8.29	1.22	167.18	0	125-0.png	
56.17	0.3	20.33	5.06	1.92	163.04	5	125-1.png	
36.07	0.0	15.2	6.26	2.47	153.87	180	125-2.png	
59.86	1.03	16.5	14.42	1.61	161.22	5	125-3.png	
74.98	3.47	17.0	17.88	1.05	161.51	180	126-0.png	
89.37	32.0	0.0	350.0	0.0	164.45	-5	126-1.png	
77.09	1.36	25.0	10.76	0.78	164.05	180	126-2.png	
51.43	0.71	17.0	6.8	1.03	163.71	0	126-3.png	
76.95	4.75	20.0	8.3	0.77	164.06	0	126-4.png	
49.18	2.53	17.4	5.1	1.38	151.06	-5	127-0.png	
49.05	2.56	15.6	6.72	1.68	143.45	-5	127-1.png	
81.84	0.9	20.0	23.95	1.21	139.97	-15	127-2.png	
56.35	1.92	27.67	4.16	1.64	141.35	-5	128-0.png	
45.43	2.54	28.4	2.52	0.92	133.4	-5	128-1.png	
77.08	1.28	26.5	6.15	0.78	124.21	-5	128-2.png	
36.08	2.86	25.83	2.89	1.18	126.5	-5	128-3.png	
50.01	0.67	27.0	3.31	0.76	125.05	-5	128-4.png	
90.0	4.81	13.11	2.22	2.82	148.83	-45	129-0.png	
89.87	17.39	2.82	22.58	11.8	151.09	-45	129-1.png	
60.0	2.18	19.25	3.22	1.87	152.62	180	129-2.png	
45.25	2.56	6.64	4.03	6.37	150.38	-45	129-3.png	
51.27	2.67	18.0	3.87	1.21	160.88	45	130-0.png	
45.37	1.36	15.4	4.9	1.83	160.24	45	130-1.png	
27.54	0.62	16.14	4.11	1.6	163.25	45	130-2.png	
76.7	1.67	15.0	16.13	1.47	159.43	45	130-3.png	
64.23	1.7	16.5	6.52	1.54	162.51	45	130-4.png	
49.31	1.58	18.4	5.75	0.9	136.46	15	131-0.png	
16.64	1.71	17.56	3.32	0.96	136.91	15	131-1.png	
13.38	2.7	18.17	2.58	0.96	135.42	15	131-2.png	
38.77	2.67	17.25	4.54	0.93	135.01	15	131-3.png	
67.03	1.2	20.0	21.65	1.81	166.24	-45	132-0.png	
89.44	14.0	0.0	518.0	27.29	164.98	-45	132-1.png	
74.88	0.38	21.0	3.9	0.61	161.78	30	132-2.png	
72.08	1.27	22.0	4.27	0.85	153.77	30	132-3.png	
45.25	2.56	16.4	6.21	1.99	168.13	45	133-0.png	
27.31	5.17	18.0	3.92	1.69	166.35	15	133-1.png	
10.36	2.03	16.78	3.5	2.0	164.57	15	133-2.png	
27.57	4.59	17.86	3.05	1.57	167.83	15	133-3.png	
41.31	1.61	16.17	5.67	1.49	166.22	15	133-4.png	
70.25	3.93	15.0	14.17	1.67	146.53	15	134-0.png	
64.31	7.2	12.5	13.84	1.96	145.7	30	134-1.png	
57.25	4.05	20.25	6.15	1.38	147.27	0	135-0.png	
80.36	1.91	23.0	20.91	1.06	150.53	0	135-1.png	
62.92	2.47	17.0	7.67	1.48	145.91	45	136-0.png	
45.05	